9728
1991
2562
2528
773
7007
2250
917
6672
110
9335
7596
4676
381
6678
5464
218
6471
6846
1370
7429
8126
3990
8292
1918
8034
426
717
2912
6515
4297
3171
6620
8559
1717
4618
6975
569
8183
3240
8640
6889
5473
1166
3432
1942
658
9225
3142
3491
878
5575
2466
3420
5746
4716
1329
4140
8671
6030
4207
5754
4353
2897
6043
7879
2964
969
1032
8921
9211
9896
3326
1518
8441
9984
3719
9573
4137
4689
9745
236
7536
5301
1798
3334
5105
2651
1817
8206
1002
6958
8698
2711
9250
6662
6458
8171
1497
9296
227
5921
9160
8688
7954
606
8843
597
9153
9849
5219
3165
7067
6737
951
7999
4492
6495
473
4195
8924
1663
5387
6852
9761
400
8039
5840
5904
6966
6816
7338
5462
8080
3960
2208
6899
9936
5397
5817
6937
3157
6222
8972
7613
4951
1132
7656
2098
5052
4349
2356
6641
9449
9641
8569
8748
708
116
415
6531
3904
5537
7453
6248
120
743
2053
3767
8466
1551
7441
5478
3248
4801
149
4570
5467
4522
5352
9313
431
5660
5413
7996
6014
739
6964
5957
9624
8719
9966
7533
6698
1123
2259
822
6255
6016
776
6879
8712
8594
957
8457
608
4966
1199
3081
6100
7036
8710
3478
643
4370
5916
4700
9050
9332
1478
4996
5546
4323
3914
8369
7628
3738
5572
932
2195
2979
3906
7974
5576
302
3676
1896
4320
1165
294
732
4553
6235
5270
9940
4193
9098
448
5364
1472
9587
9003
5324
8279
9713
7439
3590
6421
9922
979
799
9345
6301
9594
5686
9858
2340
2220
2625
2313
9928
9732
8597
2486
6109
500
6559
8535
219
7649
3986
4390
4565
3371
6162
7867
6930
1797
435
7404
5563
4626
3170
7812
8870
3997
4482
9210
5701
7522
5604
2842
9967
1860
8009
4755
5610
2554
9182
5155
1156
1600
7363
754
8243
66
9593
315
3907
2064
9711
5956
1205
9137
8048
4301
1371
7437
7880
2028
7978
8388
5554
9040
815
6631
6652
5953
5907
366
5396
8142
6397
6688
9769
4243
1028
3437
8047
4557
2377
5958
7517
1386
9093
3175
34
7942
9275
2128
5157
2929
9118
4864
1388
2498
7683
2416
544
923
8754
300
7816
8890
4987
7020
2926
3303
349
2629
2934
2619
4455
8626
8354
5791
8147
9559
2957
3307
1594
9958
5282
2033
209
2156
5355
4853
4226
4782
6978
1374
9030
7948
4466
9035
8728
5214
6056
5767
3475
1315
6133
2536
2674
3690
8252
5239
572
8664
6389
1517
9954
9571
4254
3013
3617
6501
2687
5878
1616
3560
9923
6956
2150
6362
5072
2657
7321
4967
3327
9517
9878
3722
4792
3448
6198
9039
8324
3027
7262
432
4837
8241
7857
9069
2596
759
2010
8581
588
7992
9531
4881
2984
2751
3797
6663
7208
7300
6377
8498
4678
512
2065
5735
8400
3212
6687
7600
6395
7898
8451
1506
7186
4046
5192
9287
4178
910
2100
3668
8930
9019
32
8702
9134
8841
3553
1143
